9054
9059
    9066
9078
9092
9096
9104
     9106
9109
 9112
     9122
9128
   9130
  9139
     9141
  9160
9172
  9185
  9190
9198
  9216
9238
9244
9264
9266
9276
9281
   9292
9298
   9303
  9327
9351 
9374
9389
    9404
9436
    9445
9527
south 
9569
9578
 9584
9586
 9592
9605
9607
9628
     9632
9642
9644
9653
9663
 9670
9680
western
9689
9704 
9707
Beach
9727
9730
9736
9747
 9749
 9750
9755
9758
9768
9778
9783
9787
  9792
     9799
9803
  9810
9821
  9842
9848
9856
9902
9909
9923
9943
  9946
9973
   9989
casual
143
156
158
165
189
210
  223
232
evening 
244
260
269
278
284
289
302
319
335
337
 363
379
392
  402
406
 414
428 425
436
480-484

